2 4 6 8 10 12 14 16 18 
3 6 9 12 15 18 21 24 27 
4 8 12 16 20 24 28 32 36 
5 10 15 20 25 30 35 40 45 
6 12 18 24 30 36 42 48 54 
7 14 21 28 35 42 49 56 63 
8 16 24 32 40 48 56 64 72 
9 18 27 36 45 54 63 72 81 
10 20 30 40 50 60 70 80 90 
11 22 33 44 55 66 77 88 99 
12 24 36 48 60 72 84 96 108 
13 26 39 52 65 78 91 104 117 
14 28 42 56 70 84 98 112 126 
15 30 45 60 75 90 105 120 135 
16 32 48 64 80 96 112 128 144 
17 34 51 68 85 102 119 136 153 
18 36 54 72 90 108 126 144 162 
19 38 57 76 95 114 133 152 171 
20 40 60 80 100 120 140 160 180 
21 42 63 84 105 126 147 168 189 
22 44 66 88 110 132 154 176 198 
23 46 69 92 115 138 161 184 207 
24 48 72 96 120 144 168 192 216 
25 50 75 100 125 150 175 200 225 
26 52 78 104 130 156 182 208 234 
27 54 81 108 135 162 189 216 243 
28 56 84 112 140 168 196 224 252 
29 58 87 116 145 174 203 232 261 
